

---- A ----123
2 6 12 20
30 42 56 72
90 110 132 156
182 210 240 272


---- B ----117
2 6 12 20
30 42 56 72
90 110 132 156
182 210 240 272


---- C ----373
4904 5784 6744 7784
19464 23224 27384 31944
43752 52440 62104 72744
77768 93432 110904 130184
